"x1" "x2" "y"
-0.218416084355811 0.231305735534879 1
2.44609770374308 -0.287749460726834 0
-0.924421426477351 0.0505467126475435 1
1.08147927206831 1.11310140309534 0
0.556644854918201 0.476142868318042 1
-0.493052318716086 -0.154149494283093 1
-0.155221817653619 -1.24625521510802 0
-0.942912585180315 -1.44505001521102 0
-0.731595709797399 1.62590734844956 0
-0.84188158915747 1.29708673416949 0
1.62502041577284 1.05066915036625 0
2.08867699363825 -0.524658279775918 0
-0.421843237089133 -0.48566119111313 1
1.08458817403429 0.894044598238319 0
-0.727922612315825 0.19611579443313 1
-0.3782434939289 1.04596773210736 0
-0.386438376523559 0.354909416996687 1
-0.0815840210261391 -0.832333217013619 1
0.98517242436301 -0.80508933074085 0
0.478593210496915 -0.491496008587764 1
-0.412371935723357 0.4337813892264 1
-0.722413998759074 0.477922991536792 1
1.12851221611364 1.84099393335493 0
-0.265663903881063 -0.181787714511266 1
2.22959098083688 -1.65037938635116 0
1.38147250256418 -0.0813715829170357 1
0.972295918487339 -0.612790096173029 1
-0.523900047207577 -0.430406151789648 1
0.142184120066962 -0.900647955509668 0
1.45447110656186 -0.677478714003181 0
-0.316419283992433 0.244561114705998 1
-0.647716448251277 -1.12420032108035 0
1.62279770950405 0.821425458556004 0
-1.1938499796262 -1.00920240155689 0
-0.840829113864688 1.36158240579049 0
-0.334661758777178 -0.399274824749298 1
0.787118352269301 -0.259612658478575 1
0.731394000118577 -1.54908201263671 0
0.660898256918875 -0.520826789631714 1
0.703805280955429 0.674719574579648 1
0.11361328623588 -0.999628374812539 0
-0.0956124045405009 -0.519499801477786 1
-0.652098366295908 0.429150648202225 1
0.192040242654359 -0.354819788964558 1
0.563365227860505 1.61295457000467 0
0.0768457073697175 -0.19646163898689 1
-0.528092850805754 0.522223274196776 1
1.50754297096822 -2.26151596618853 0
-1.04433881937509 0.558958416919745 1
1.59722028844401 -1.17923862529244 0
0.905023968748878 -0.109219872986951 1
0.951230915636259 -1.27243662567753 0
1.58372826125408 -0.257781976862281 1
-0.538995847698269 0.61514547879587 1
-2.10625919841721 -0.0766354738601732 0
-1.22950536420352 0.387982586031946 1
0.26166486882801 -0.114627848939873 1
-1.06067906282262 0.0774407890714771 1
0.0283444534992733 -0.444702843127428 1
-0.449092187163356 -1.09003255615835 0
-0.866587527286156 -1.22311792172659 0
0.156283118676608 -1.23889506931714 0
0.806367415139028 0.998802356969156 0
1.9602934806691 -0.436092713336638 0
0.50503113840456 -0.566539243715442 1
0.208118666128593 -0.421901759587769 1
0.44623343141249 1.44895374553061 0
-2.80151869068071 -0.41532828299782 0
-0.913502438225626 -0.843320554576297 0
-0.283963201331919 -0.974951601044492 0
0.900006421790917 -1.11759404029042 0
-0.57403112699018 2.53038135585574 0
0.536487462880927 -0.609698293811802 1
0.68120813974528 -1.90882317765161 0
0.414548960542393 0.171804237749211 1
-0.334677533910259 -1.15864040809637 0
0.536280624645059 -0.398646658799759 1
-1.21330256595351 1.74214739537014 0
1.29428754158734 0.225534836834424 1
1.11530002552718 1.1236486678581 0
2.47795124462934 0.462941592500647 0
1.30499815444485 -2.24326987198628 0
1.4313014924389 -0.0578114715584156 1
0.5959634703262 -0.0255918554691088 1
-1.35183339412559 0.840665279014985 0
-0.278344169483445 -0.503214954953809 1
-0.205234067018099 0.831459250435085 1
-0.634037602043059 -1.04043862730956 0
0.616359741808889 -0.598418459145914 1
0.100213329007555 -0.995667303290003 0
0.122532994831447 -1.18478852385118 0
1.33218452444204 0.10184211112636 1
0.709431108063664 -0.762661986145548 1
-2.41673565652961 0.411861900609565 0
-0.0270698011119875 -0.28313555535581 1
-0.145424479382809 0.0151797309045274 1
-0.710303006044136 1.57368847805794 0
0.998939863114291 0.33570958848003 1
-0.644257793835702 -0.721764689751077 1
-0.798787248458807 0.304871755032172 1
0.0467254280771354 0.875886916370982 1
1.51537209205963 1.65749620634085 0
-0.455854002615236 -1.43446178514157 0
0.517164629294287 -0.259471884629866 1
0.172643105954459 0.625610223825315 1
-0.117568932262473 -0.422541205434319 1
-0.0216996046131463 -0.961908994881894 0
0.39542615406551 1.03626054036987 0
2.12135586655304 0.698401400138466 0
1.24321695017285 0.767593685321227 0
0.88149331660324 0.54093758321113 1
0.386484497166273 0.730410351257338 1
-0.359901988549183 -1.09813927714252 0
0.115758564547068 -1.16939710331678 0
-2.25897192090406 1.52637506009159 0
-1.30417656465949 0.825759370821112 0
-0.239006621615041 -1.57503409981985 0
0.526379797456057 -1.67645693704046 0
-0.395873131351574 -2.03239953606169 0
-1.06048898224782 1.73611108599362 0
0.796617197719438 -0.688058394597861 1
-0.545800988395043 0.0278231582517572 1
-0.647789612484045 1.35298893941594 0
1.77752987721159 -1.73239994767007 0
1.54407749352018 0.255858708008622 1
0.959228404882356 1.72207913282385 0
-1.41494127889563 -1.58692325381199 0
1.16956902128338 -1.59771381892639 0
-0.242588597166847 -0.590815660604162 1
-0.366861603648375 0.101297619941775 1
2.43495015340886 0.0860268590179594 0
-1.1232378219583 -0.0846633775477095 1
1.24586590001449 -0.92267808968488 0
-0.344487233206944 0.610601159550913 1
0.409567135099233 0.315140775410646 1
0.560630770203039 0.115769097694159 1
-0.157994009822494 -0.139484869703536 1
-0.352881506597436 1.58504307318015 0
1.87172233282901 0.0326350879214386 0
0.334839480227551 -0.153947033941573 1
-2.40050710457158 -0.682004864974083 0
-1.49745502765931 -0.209437420351424 1
2.7659722119766 -0.783585819894154 0
0.546631029251461 0.055864883209504 1
0.657719055418985 -0.0638411839898327 1
-0.670299773978588 -2.56071713427169 0
-0.98595691870323 -0.60834148616436 1
-0.880923810552194 -0.14412350612251 1
1.24983542569303 -1.14267394842433 0
0.0746436770057104 0.326354393740779 1
0.938520367227229 -1.01958950982201 0
-1.24535697271641 0.63437256137548 1
-1.30895780928594 -0.37764004044798 1
0.318766126027077 0.150398087204188 1
0.294407341856211 -0.121994017702578 1
-1.61956496720232 -1.5317393367586 0
-0.368564377301899 0.527890279383251 1
0.532970883544678 0.844210863286964 1
-0.677936137855765 1.54368274742436 0
-0.253855234803358 0.394938653591767 1
-0.620884698040568 0.733915959078987 1
1.09433558543165 0.693849239322621 1
0.590696282741772 -2.04383604610004 0
-0.467126380353975 -1.13174844596329 0
1.93925495299554 0.114410259569841 0
-0.366538264984437 -1.45362754308963 0
-0.418001419201253 0.304565617381077 1
0.273094189990498 -0.944843881713115 0
1.05900192122889 -0.276159755301319 1
0.681329090293973 -2.03017398072309 0
0.120685954213464 -0.102946752317933 1
0.698238862060396 -2.54363830128513 0
0.268393414999139 -0.66070361259798 1
-0.976707158595063 1.40388427076314 0
0.119135750035207 0.683269855541326 1
-0.652869426676846 -0.968391856924386 0
-1.42657319422621 1.70756195471467 0
-0.21993122511572 -1.17344815845968 0
-0.726074454485843 0.214613950574405 1
0.0178291982125286 -0.084972777953305 1
-3.41499484565218 0.0542076086311132 0
0.340062297545633 0.0917967906952345 1
-1.80114544294393 0.0584902395759104 0
0.0674431061414815 -0.0253081756933972 1
-1.04232981803168 1.65856964327768 0
0.748104553582102 -0.28068363653748 1
0.217980934596295 0.379822019652812 1
-0.00064683968820248 0.315148967154669 1
0.810952153037298 -0.742312211065113 1
-0.312397506637323 0.22081693400454 1
2.17080513542146 0.352366559083336 0
-1.29891428939178 -1.13083255998116 0
-0.106260599804437 -1.63904976347664 0
0.573417625282217 -0.460820897690477 1
0.506539522109428 0.5074827845468 1
-0.672376771104142 -0.193710699880929 1
-0.829767792723283 -1.42503637954599 0
0.609775023913153 -1.06396546347452 0
0.386960533856374 0.639981356987117 1
0.286464260623199 0.335267544561525 1
1.17125046732454 0.425599659898109 1
-0.364857227806939 0.607489820951738 1
-1.42257139998537 1.90795748737841 0
-0.570402876762673 0.512038219294221 1
-1.66745409113682 -2.10121274587968 0
-0.167290836297455 -1.54438043562936 0
-1.12312353082446 -0.125400509256849 1
0.982909309328926 -0.237926961240778 1
-0.424939699759744 1.52932108757957 0
0.379382695094926 1.38208327020733 0
0.221647545825779 -0.128454631939434 1
-0.971588131875995 -0.695228535629992 1
-1.13850231617841 1.45963316633641 0
-1.17778166521208 2.04562991013556 0
0.636807093524082 -1.52793099167123 0
-1.02459508740329 0.486347409763021 1
0.842090018188262 0.227047621550685 1
0.238661358306455 -0.0827648775505625 1
-0.291198088545691 -0.0657371215694497 1
-0.3915052784622 0.957461970683543 0
0.252462150696436 -0.177105788508286 1
0.647373642955013 -0.0338789467584994 1
0.860450510756286 -0.528044544369577 1
-2.04824701078518 -0.35097077803338 0
-0.987834796139474 -0.873749503464996 0
0.417615622528988 -1.73620116854505 0
-0.998405551926673 0.67715744278236 1
0.254523708855607 -0.589314675890573 1
0.436990729486327 -0.583754202342309 1
0.611261307493578 0.453659545675845 1
0.794262268975957 1.49927576505203 0
-1.31680985276043 -1.19872414053712 0
0.990353027040776 -1.99479051302792 0
-0.113858362537996 -0.0977401266350306 1
-1.02081610927214 0.272569024474565 1
0.330212968328524 -0.738466629434252 1
0.509861962551316 1.97423651001268 0
-0.201895262380587 -1.18839211716336 0
-0.748375046031843 0.76018543269784 1
-0.202105639169179 0.791318411043044 1
2.50595764709524 0.64739049134906 0
-0.792848606501997 -1.79294666610968 0
1.59514785540998 0.850438321223936 0
-0.253698741770668 -0.599269502945265 1
1.11489659924104 1.28049450095782 0
0.810210181310674 0.0604285046983663 1
0.213313385464888 -0.20933614700371 1
-1.35560902562666 -0.441464240147755 1
0.464588303923002 0.140057409301366 1
-1.11198445829627 -0.411136633806336 1
1.63716847237473 -0.524509990578094 0
-0.248282680934954 0.254513789947917 1
0.541323491318503 0.498092717883763 1
1.13660198860724 0.243176316794055 1
-0.740029023599134 1.87119688358942 0
1.20278179106629 1.57016113233908 0
-0.391255956857111 -0.0171076102356778 1
-0.911281402957738 -0.305379121392244 1
-0.792239788846457 -1.30633522222913 0
-1.19692758117967 1.48310044623663 0
-0.176415858092025 -0.350484161007379 1
0.81779578638457 -0.758904094844312 1
-0.213744742452596 -1.55378996817795 0
1.34225745586696 0.728296064335698 0
-0.799612800071256 -0.231483647035626 1
0.740238061951273 0.0803214993140707 1
-0.412850523472395 0.691002971302041 1
0.511033979513271 0.819625068786331 1
-0.632804315596034 -0.414235435878926 1
0.0858667272143404 -0.0674571640842284 1
-0.0265063541236544 -1.56737612247635 0
0.923519090525301 -0.870079936661321 0
1.23151017016613 1.77075564628655 0
0.906726931433523 -0.157139599463636 1
1.82431579705493 0.453915194619005 0
0.0197231209532373 -0.471909270936807 1
0.828058822169372 0.226126973898878 1
-1.20637818838504 0.601097593234375 1
-0.0281572327933557 0.466507451312105 1
1.11772281384859 -0.196685104613448 1
-1.56811821036188 0.959298110905194 0
0.82728954014783 0.391455892404598 1
-0.00918815210088304 0.122453503606463 1
0.885970570034346 0.00335506111632355 1
0.07566023513108 -0.74924128198254 1
-0.69383780295481 -2.1053797615478 0
-1.81878402126737 0.714959194093386 0
-0.585011658435638 1.34515951722854 0
0.102444080558923 -1.38471194217311 0
-0.546267064512991 -1.48109506306745 0
1.0042232119359 1.65887243566125 0
1.65324496131978 0.982837998092965 0
0.375300814651237 0.600445713649519 1
0.543044330965472 0.865114979830133 0
0.337849451886345 -2.00543279000199 0
-1.36381230320592 -0.022034714275411 1
-0.193176075235931 -0.0847350215075049 1
0.489402086600683 -1.52007157385017 0
-0.345149934387252 1.81156314793314 0
1.80868930382326 -1.55926278322581 0
-1.33748946659697 -0.160471269657145 1
1.52107533444458 -0.135503050984042 1
2.21099481513187 0.1648516587243 0
-0.817874633286507 1.33688397383622 0
-0.382822930487867 -0.0484709022741587 1
1.0068142121079 0.73096935728588 1
0.122346983846586 -0.0872556503685618 1
0.834494930212063 0.305743970098587 1
-0.201912406110771 -0.133441750180965 1
1.5399005124816 1.78645518452326 0
-0.054396495611547 -0.826858381130983 1
2.6534096722673 0.801047264110651 0
-0.322309478300998 0.31104225704393 1
0.749128640853752 -1.77949152572207 0
0.142042990392063 0.802945444432188 1
0.243965034820765 -0.31272008373583 1
-1.590181623226 -1.74652043980547 0
-1.68489301566366 0.154148257628811 1
-0.796973125218272 -1.06436997285799 0
-1.03615552748581 1.68750879037324 0
0.894078926589537 1.47320319273917 0
1.19215686938402 0.826022942628415 0
-0.17371977313254 -0.65937880308636 1
0.484490369492395 -0.751044375629495 1
-1.68862899052252 0.294587318867031 1
-1.51361795683149 2.41563698769181 0
-0.0471993936791544 0.507422534914404 1
0.450869905540489 0.308190935606749 1
-1.30822220267283 0.183606613650254 1
0.598941015720978 -0.104576602851567 1
-0.150199380259887 -1.7268086474617 0
-0.977015219731832 -1.79117490495184 0
0.416204256323764 0.618856852774793 1
0.74783523087471 -0.769393318235093 1
2.65420253168832 -1.1186422738089 0
0.176237932826815 0.443751154047077 1
-0.188451360261957 0.782196554919484 1
1.26210347465461 -0.851687105017602 0
-0.0973965772092403 -0.800495704457834 1
0.403980247569866 1.65162350060354 0
-0.885708397387456 0.406536311005093 1
0.848466867097577 0.470079149849076 1
-0.6719244356114 0.288828721265419 1
0.825086538802391 0.921436734441422 0
-0.287904779528863 -2.19406885176987 0
0.843675020252563 -1.46028123985317 0
-0.465634489738462 1.52754000093055 0
-2.73521388049812 1.57544468921474 0
1.72120741129333 -0.881133070595656 0
-1.0702628331105 -0.951015841598584 0
0.127920564338324 -0.158355533399567 1
-0.958706332029889 -1.00409592858317 0
0.106704193580128 0.834279423534164 1
-1.52661237281863 0.424538192303923 1
-0.226541722618655 0.318414384896749 1
-0.084154844945388 -1.1252997828491 0
1.1192207973123 -1.27484361899285 0
0.720601966954278 -0.679564255612273 1
-1.18642655705042 -0.654861419134412 1
-0.295601817026917 -0.516533585772242 1
1.02953988057308 0.720019005319251 1
1.48974139906936 -0.349876972351378 1
1.77470329344643 -0.129527986084941 0
0.379445007348206 -1.73818542326785 0
-0.0078827648246393 -1.10676830838725 0
2.00514934778802 -0.515970256456407 0
0.240161184533103 0.777502506900947 1
0.501973745283107 -0.603744539139664 1
-0.242107427232882 -1.64431779368423 0
0.581912233456005 0.540595032576494 1
1.15680228965273 0.359943025286819 1
-0.186167227793141 -0.139429736184828 1
-0.421225945587786 0.861650639278919 1
-0.722502172110749 -1.60235907777677 0
0.81616667307794 0.0760075585347461 1
1.09584855803554 -0.224906688215121 1
-0.354267785189796 -0.66632796536534 1
0.601875787710522 0.0370559054998988 1
-0.00556040901586299 0.651940352548104 1
0.10678540607268 0.535312975774343 1
1.05118461341336 0.0713599299444683 1
0.170531186591014 0.120503186903626 1
0.0168796270523856 0.522627091505774 1
0.962872122038125 -0.33969897929259 1
-0.155189412584137 -0.413060044634384 1
0.708452376486772 1.07820658713292 0
1.81284952015248 -1.08280892561956 0
0.422670701898065 -0.996118699763899 0
-1.21733111429623 1.52691871323371 0
1.36536248119375 0.676083062341427 0
-1.83868524916614 0.915846269682636 0
0.285764557808362 0.238037120678259 1
-0.277011940174343 0.282593077800028 1
-0.811552378687571 -0.0184647470838839 1
-0.962675703132665 -0.402646758868862 1
0.576781215048735 -0.615212376684196 1
-0.554891547266782 1.56680461187951 0
-1.07204505545708 -0.580138418573143 1
-2.00689896030357 1.66146774207673 0
-0.00691701702802043 -1.06124317407747 0
2.317941769964 -0.491503177109276 0
0.232147980023261 -1.10084478403192 0
0.0487631829087073 -1.71204640215607 0
-1.17592397072116 1.17721285231273 0
-0.0829986343013093 -0.0832755206991391 1
1.60698975096186 -2.76299130065887 0
1.15988913974867 0.621867095398886 1
1.17487366384332 -0.982569331361176 0
-1.31800222196291 0.462195932392959 1
-0.72529484580088 0.297750894970947 1
0.138261701126548 0.850329660588595 1
-0.171534646443572 0.0765969999698868 1
0.255255316611558 0.669078336343804 1
-0.433100470537748 0.560251160071024 1
0.385861625113346 -0.0195839999237406 1
0.437120743335292 0.720947587170331 1
-1.41933423144642 0.78023982468492 0
-0.829890808095935 -0.472442930286396 1
-1.26319360305503 0.785446404108164 0
-0.247751410270388 -0.216027714970798 1
-0.0867972434159951 -1.28183052571531 0
-0.108694958215197 -1.00829661712782 0
-0.627023737449434 -0.543796042784846 1
0.632145096392069 0.144391034651951 1
0.296993047192163 -0.0561844953839017 1
-0.626119768762442 -0.313678485416161 1
1.30858933825946 -1.4683660737731 0
0.569520570856708 0.116125881559988 1
0.989961205042194 -0.133239584071308 1
0.481387025865057 0.645333884777942 1
-0.461596893426293 0.506965327888731 1
1.82064350538842 -0.427412128965622 0
-1.30360847551515 -0.629325571496736 0
-1.17026486577587 -1.48145481476943 0
2.00549735863373 -1.49683927593463 0
0.677639822283699 1.03262886207919 0
-0.510832603147993 0.0498541103636182 1
-0.896681369323765 0.839338655180026 0
0.182948453625747 0.481190552042843 1
0.0642362891094918 -0.685411875574655 1
0.834615651035971 -0.381349987339104 1
-0.380428044212912 -1.20950053332476 0
-2.40369662659408 -0.28726263686888 0
-0.684048355335021 0.975133593750889 0
1.69905409283762 0.538176401366571 0
-0.38167872348053 -1.38499979239881 0
-1.17916079855609 0.274366159416353 1
-0.537208654333745 -0.496549722074422 1
1.86649423764103 1.36558431553915 0
0.439301332259745 -0.710607615224547 1
0.0841819232515722 0.541087929100349 1
-0.612787268348511 -0.370896172253894 1
-0.765974884151596 1.17023885890376 0
0.231440772818597 0.669371791764865 1
-0.403631226639466 0.990836228693351 0
-0.577318450068739 -1.0215209469314 0
-0.846004744513619 0.466359947134254 1
-0.649075489194492 1.13949935289022 0
0.344895053871984 -1.87406722289402 0
-0.0488144144310712 0.232017188076866 1
0.728695404110953 2.01268739242264 0
0.0157533557577521 -0.925728446611298 0
-0.263043540632858 -1.73959330485549 0
0.322203191173837 0.766383056637877 1
-2.81005846869935 1.59633363893627 0
0.347048033236206 -0.112377005579006 1
1.88701718950249 0.234678848147141 0
0.862002635122266 -0.133131310198273 1
-0.086670306103563 -1.12735131130225 0
1.24623463167489 -2.02860879389443 0
0.104489863376222 -0.141549518898782 1
0.0200845800600355 -1.71519553361998 0
1.53768310277072 -0.580759868697145 0
-0.492539342044183 -0.458942800841524 1
1.49439266628852 1.68212578593214 0
-2.87593003124101 0.439463034921893 0
-0.0448020122235217 -0.161262304169408 1
-0.43408534503225 -1.23643789888069 0
0.944811167596404 -1.25156951404152 0
0.27869390450109 -0.0580827485226668 1
-1.80376895114933 0.552751300303868 0
1.20767488298357 -0.027567425810957 1
0.561985305384969 -0.519331765290433 1
0.263211301856637 0.381853197529913 1
0.2668360750902 -0.979004675143524 0
0.34735392902859 -0.666780577482 1
0.690658544318806 -1.08444637184746 0
0.335210258565486 1.50633685674508 0
-0.0734665968475809 0.713492298881547 1
-2.08526955232349 0.514827028391136 0
-0.729165302253314 1.12361147204195 0
2.03059831595879 -0.39912484746295 0
0.105936567769558 -0.234009568671339 1
2.12479868456971 0.57974405432605 0
0.939467300437935 -1.07853113464313 0
0.576873370347566 0.966113831774647 0
-0.685144703220899 -0.311731103838232 1
-2.02761158071391 0.740958939227294 0
-0.0312081317702505 0.292524219735437 1
0.576757589767135 -0.349241925147335 1
-0.345083177537933 -0.46593822901768 1
0.490982133539872 -2.34693004149966 0
-1.74669730712899 -0.319523435827052 0
-0.495939641023141 -0.172174346283392 1
-0.941813568156669 -0.170520020514262 1
1.16151938569722 2.2813322217849 0
-0.0501486174670185 -0.100207563127968 1
0.676742807116034 -0.470459853967916 1
0.627150382588771 0.595346033144588 1
0.152469209535936 -0.62138447051939 1
-0.446650239611935 0.266127027537177 1
-1.18864514898073 0.203666797705813 1
0.341670286322024 -0.767895337235862 1
0.730335720802973 -0.861694360201871 0
0.100178999169358 0.647212576700324 1
-0.815413569311611 0.0438706856377492 1
-0.39076787617147 1.6299156241443 0
0.235434270475444 -1.23120042780444 0
1.97237978097355 0.862643124506967 0
-0.551242820423215 0.987987379336115 0
-1.87490516977287 1.73665420369996 0
0.235252451275953 -0.0456701541147226 1
-0.953256468619777 0.129609116820153 1
-0.114472971647904 0.153121697208106 1
-0.700670335068521 0.385095299856089 1
-1.19564283931288 -0.665533958050678 0
0.124884261468736 0.384314523507423 1
1.36727528603636 -0.497033197578838 1
1.61195144266905 1.64939958484865 0
0.861975692276646 1.50980322450632 0
-0.986749304675388 0.265757168812316 1
0.728481760745828 0.458184685040625 1
-1.62409228210204 0.241105380823298 1
-0.509243001413249 -2.15394581925043 0
1.25821225255269 0.0735933921880445 1
0.0283733959338243 -0.380272640065625 1
-0.901572836542506 -1.85522652249592 0
1.19632680112767 0.143607378128688 1
1.35807686989349 0.0767002898206057 1
0.517935751186829 0.181669479132139 1
-0.585657039565352 0.260136141671433 1
1.42111721013709 -1.32850892956204 0
0.445083320350847 -0.67367934054015 1
-2.60366177520058 -0.756814826798397 0
1.78601474177761 -1.32041124866254 0
0.345064479014763 -0.0655483149861194 1
2.44659292488912 0.38367956598816 0
1.09950392517127 -1.42355989605943 0
0.745241311409516 -0.148964022356179 1
0.161205880264996 0.0648863223962357 1
1.24080152914501 -0.376117610509522 1
0.65355326010456 0.305792335467684 1
1.00051525096455 0.203213403432779 1
1.19031217450989 0.973078450109691 0
-1.56080345583558 -1.64444272618313 0
-0.52208134339206 -0.114224076648233 1
-0.491914060381142 -0.490861811121814 1
-0.0852417832379586 -0.833713354882704 1
-2.17202904737532 0.183373099271064 0
1.13553981593513 0.55859521457021 1
-0.634943325546597 -0.29715137715325 1
0.27661531355274 -0.299969946652193 1
0.344201950886474 0.195490928289281 1
-1.12784435182656 0.485439412104674 1
0.196093033921951 -1.06708682315345 0
-0.941049213908842 -0.021960450417144 1
0.349765442265991 0.238950911427894 1
-0.804964544029971 -0.467952941385296 1
-1.7854824702625 0.964275589226782 0
-0.491341935691507 0.818596824202185 1
3.28690539893712 0.845427870507419 0
0.354052693564527 0.0782612957367529 1
-1.2840316295199 -1.78898347437022 0
-0.384090453926853 -0.581622918797052 1
-0.775167199558458 -0.641149097952044 1
0.406413278179697 -1.58429943034684 0
0.188617384779152 0.544130351459267 1
-0.908131956209395 -0.534944015431488 1
1.93747079632743 -0.377072332569955 0
2.63415532231163 -2.08373944172432 0
1.8316090688092 -1.71828370229712 0
-0.487974333969705 -1.19578712962645 0
-0.912031551678063 -0.0737203112098635 1
0.630374934520125 0.392792140102214 1
2.21586937372882 -0.71537990662479 0
-0.738221197590506 0.477789603799878 1
-0.917874942759272 0.458387168230651 1
-0.189993769763348 -0.169232137036244 1
-0.208936055811978 -1.52291651735051 0
-0.328285488243327 0.93206140494656 0
-0.451408842868618 0.553904300834111 1
-0.696443848624179 0.0921483373008168 1
1.57269631122975 0.711590405293915 0
1.08387035372382 -1.06314393793395 0
1.03311294006428 0.684501890278018 1
-0.488252823260912 -1.52860417584852 0
-0.474577265033529 1.18532128819027 0
0.743978446673218 1.58092328764559 0
0.0250433487962091 0.162354325984393 1
-0.749371892934357 1.40556416502808 0
1.76871934228364 -0.621665577385302 0
-1.52007548929241 -0.751020305273705 0
1.79184476243474 -0.832791220093621 0
-0.912749341139368 0.521486613143375 1
-0.584196972550503 1.13310669623336 0
0.820921693505987 -0.121428322876514 1
0.386271894806989 -0.145817073249353 1
1.00550689318813 0.389227985412053 1
-0.505213239150148 -0.524277522892317 1
-0.578843188008484 -0.730741572175383 1
0.260607556087738 -0.0478989988528566 1
-0.531120689752509 -0.133886162308251 1
-0.79264122313243 -0.565443724098108 1
0.0264527941723213 -0.558639674227415 1
-0.143909020825383 -1.24119463220217 0
-0.637394422521596 1.03925346337295 0
0.985565957318671 0.292289090214905 1
-1.00653555197651 -0.354565682249526 1
-1.19891807743751 -1.4538553921105 0
0.692872130089615 0.107452306303709 1
-1.73847554700306 0.936438394838219 0
-1.52447966557391 -0.378811267429433 1
-0.309729962370258 -1.51099273562487 0
1.08015689409473 -0.902804938654248 0
-0.589301312678522 -0.985423793268115 0
0.524238912408802 1.78140900354967 0
0.291331259114787 0.0401443419943264 1
-0.25525137686891 -1.00859615668007 0
-0.874303601139631 -0.806206137154372 0
-1.12950576036884 0.710172047288775 0
1.51966101281165 -0.033093644197388 1
-0.74098632322309 -0.971464429508647 0
1.51062727597274 0.258931263718827 1
-0.567020644496775 0.666683594371475 1
-0.0637545449372018 0.179355657749658 1
0.849376177705292 0.832577680659452 0
-0.482129483576274 0.132557291181489 1
-1.83430592325102 1.24526310214976 0
0.201899609634076 -0.639587150214459 1
-0.818195408226502 -0.669814570874696 1
-0.815220036734696 0.418252613247799 1
-0.728354426547394 -0.444103166772912 1
-0.304966664445741 0.869011406460032 1
0.769613937275225 1.18898527344988 0
-0.267122397589128 -0.719326086856205 1
-1.32055445238102 0.460797377482356 1
0.628052794832327 -0.436195637091037 1
-0.881678205951543 0.135584568211848 1
1.64617999905447 1.59308092428865 0
-0.724058756669759 0.961092425118678 0
0.281266242295122 0.728985203546169 1
0.468401879600777 -0.26450895652649 1
1.12832454915351 1.63788678733867 0
2.54610440909544 1.3185621951496 0
0.245597543721701 -0.777926485759926 1
0.272704163084568 0.677480312645717 1
1.51863422514185 -1.14209004786706 0
-0.684530489517767 -0.284975997610506 1
0.646856355167419 1.3517535813991 0
0.979082575583895 -0.281425057777213 1
-0.536674824192346 0.061835382722146 1
-0.248197358247272 -0.115095583983074 1
-0.121012802542828 -0.682199510813319 1
-0.644333396198646 0.185317237188051 1
-2.66462552044565 -0.33373350421435 0
0.319284386005708 -0.0523023593035671 1
-0.34646605735528 -0.135203198190789 1
0.0890851042136105 -0.315856715101132 1
-0.852519294189344 -0.00768629100230782 1
-0.593458173450259 0.858860740501397 0
-0.881975385672863 -2.3146672912653 0
0.206593328702909 -0.802409691154873 1
-1.00143091187135 -0.0176234434753778 1
-1.25620836643533 0.195739078041187 1
1.46909124227917 0.892528065897548 0
-0.343500409424217 0.0215997868493441 1
-0.0114053379890686 0.882172356947142 1
-1.04637828191128 -1.97562788002269 0
1.22488193767379 -0.524880733484086 1
-2.45594478448502 0.67093602630947 0
-0.712940736738824 0.4291956460198 1
0.776960382492899 0.0390164892345965 1
1.33184530993255 0.739418012591242 0
-0.23430871551932 -2.50357319974373 0
0.264312351730464 0.861823539032973 1
0.389467047385482 1.31845553074434 0
-0.712033206935437 -0.903160694600768 0
0.367904918337226 0.0383972983891678 1
-0.821734783863895 -1.30008951223759 0
0.996982423508157 0.10066646296568 1
-0.796541338214266 0.692542409393296 1
-0.962587759896625 0.173592870544302 1
-2.03386862953338 -0.454000663037141 0
-0.995209569459326 1.05432635602711 0
-2.64753959963791 2.92303931707659 0
0.325765544393752 1.4857830596217 0
1.49087713387156 -1.08040708446217 0
-0.450517991600443 0.157240575421204 1
0.520938262643649 0.080222286935714 1
-1.4212614970639 0.262695156966642 1
0.631600836904061 -0.98931336265428 0
-0.975570071510326 -0.23373214652058 1
0.851986436288936 -0.404962278575841 1
-0.0769861236259168 0.64445668712747 1
0.559374644908918 1.96451231000564 0
0.0843527248945387 -1.67480561339032 0
-0.358968428618239 -0.29652353582485 1
1.29743513228843 -1.04754582533832 0
-0.59229249066168 -1.28021956268873 0
-0.14994904383609 -0.109426288398422 1
-0.639533864611096 0.0397383895271795 1
0.378716377365642 -0.426257246653963 1
-0.923631557733114 -0.897807585078386 0
-0.0413803849186815 -0.72202260933984 1
-1.16597021901502 0.102574761987782 1
0.272018341286302 -0.162938125824757 1
0.646406981290301 -0.189020937257884 1
-0.477281378059645 -0.683971331878249 1
1.91001121792111 -2.06765907071155 0
-1.10326939362692 -0.073282628242212 1
-0.493017388254847 -0.772037957876202 1
-1.60613984456951 0.241996935966993 1
0.747669498694016 0.998735534791041 0
0.717263053682576 1.26903667631729 0
0.44370526973537 -0.540350682163964 1
0.286544257249606 0.505742137898993 1
1.31037715701708 -0.436552083391843 1
-0.827707778566493 -0.750882608601695 1
-0.2916245762994 -0.0644458381679106 1
-0.460960497429587 -0.319815436901568 1
0.564041434242439 0.907465165856976 0
1.78304858103539 -1.63882130106613 0
0.240596313421926 -0.32153752135675 1
0.304007136215493 -0.343236146527389 1
-0.801813097119278 -0.204660439974853 1
0.318002957719774 0.866802105185609 1
-2.11024806692085 -0.137172593791221 0
0.867154871996619 1.0959339612091 0
-0.425976024433306 -1.04403501852079 0
-0.86430625120026 0.797194389158343 0
-0.490573002352885 0.33528331026619 1
1.13381298771276 0.342972485841999 1
-0.114151715429689 -0.562844244647135 1
1.43248728728291 0.614342896132492 0
-0.212795580976831 -1.03777843745395 0
0.942007630186642 0.451002021975329 1
-0.846575743893017 0.138810360043407 1
-1.55997435543065 2.30156894360826 0
-0.515710193447997 -0.574982875352242 1
2.27289347577277 0.451256658200075 0
0.241335888688691 -0.223646358282243 1
0.100684870721536 -1.86893107991202 0
-0.0228808200983552 -0.445916020651351 1
-0.766666266192545 -1.33774928788851 0
0.208972382029363 -1.06666907736077 0
0.41534514261654 0.422353716071309 1
0.356640414038757 -0.53808522563156 1
-0.854749603216895 -1.49804724071796 0
-0.852950105730791 0.520997407516007 1
2.02888633614422 0.102181568055993 0
-0.516984806100087 0.990969734403399 0
1.03634483126904 -0.768009274336686 0
-0.484869275277873 0.136252575026853 1
1.10175213391207 -0.499925981666059 1
-1.33216686560944 0.677137878212926 0
0.232610185154546 -0.0549700029848058 1
0.394285597390183 0.152055378752425 1
0.00662673425221502 0.614767884719619 1
0.660048817258279 1.03723009048873 0
-2.11021371095748 1.25349226961513 0
0.643345184663049 1.02031427437023 0
-0.591288404538645 0.883330577587263 0
0.599925639303952 0.0497715985925881 1
1.55343684690984 -0.269743594761811 1
-1.04679200965992 1.0421346800292 0
0.0289032291977677 -0.371234514615716 1
-0.0272716361883844 0.362520409674189 1
0.201376036279078 -0.954839300594423 0
-1.95074041597541 -0.475544281911625 0
0.0431520863102536 -1.32810727028244 0
-0.688104991136309 -0.759664249043315 1
0.963425174507403 1.07404259005638 0
-0.757703338330865 -0.575243147129659 1
-1.1801995744042 -0.231330806459959 1
0.83011978400689 0.908090736260295 0
0.649496236280398 0.00644199890083524 1
-1.47497678750207 -0.114608637204692 1
0.508891561753392 0.293787631740761 1
-0.758396248162868 3.11124047812271 0
0.0352204296061703 -0.841325898341684 1
0.674283637908223 -0.505615888915125 1
1.06049884255404 0.150487753377162 1
1.04316181068751 -0.986319694388441 0
0.547370771012445 -1.02839136386371 0
1.45558392509559 -1.25513372463888 0
-0.351928479596822 -1.59159001424367 0
-0.105777677777626 -0.169195933711405 1
-1.55170144782853 1.40658239265401 0
0.893587872060682 -1.75553860062558 0
-0.158041215825877 -0.255290082811859 1
-1.22876068346785 -2.05063252308917 0
0.481195027270698 0.256267207877998 1
-0.409887215621485 -1.3944625112168 0
-0.978008241067652 0.44648145298517 1
1.03539481982313 0.338914879835145 1
0.458513101294887 0.742304416218389 1
1.01070209124469 -0.289156517795078 1
-1.60144169994712 0.564764481119147 0
0.562543771699236 1.03303842732032 0
0.0427368683849948 -0.350721631257086 1
-0.247064050575352 -1.66179608305088 0
-0.0983891026155909 0.132386972915757 1
-0.59422024421541 -2.51320123829847 0
-0.483931324267726 2.42042475076326 0
0.399432936477703 1.15332263817662 0
-0.988957035392074 -0.138786545146229 1
-1.45883371724352 1.88258813107658 0
1.97697137586847 -1.20353125667226 0
0.178019317201842 0.602902251029259 1
-0.666669155560924 -0.30466221544772 1
0.546697516594839 0.157722115944364 1
2.36178883627367 -0.802385428517622 0
-0.0142823162102671 -0.301383818380165 1
0.423110077511853 -0.344162035010627 1
2.34846108112066 0.742554589164698 0
0.211453819370395 0.572079552551891 1
-0.454218494386886 -0.232488656610414 1
0.317819858172856 0.930561434067284 0
1.62554429598718 -1.31334076794454 0
0.842313452902851 -0.630382143485577 1
-1.08194934957724 -0.0149954121699848 1
1.4583809345388 0.174014289692456 1
-2.43999690252679 0.487409461850358 0
-1.6508845681522 -2.73531036292458 0
0.482983316056333 -0.257729775345822 1
1.44919182887489 0.0321822371696262 1
0.962420608967431 0.193058541924677 1
-0.804003465362724 -0.214409145287236 1
0.385058779566772 0.28569168139582 1
0.159347378172703 -2.35515956453663 0
0.71218490289389 2.02578013256272 0
-0.178720700797939 0.117546898554501 1
-1.49134432467262 0.0509717970905119 1
0.146766229496009 -0.185954709754029 1
2.1233623375024 -0.0321171388190423 0
0.429524461836933 -1.29452635620347 0
-0.620404333268551 -0.149479836886248 1
-0.133716752846873 0.243340772518327 1
-0.332341356712992 -0.401810245231364 1
-1.47304563112382 -0.606386864769161 0
0.370077788621518 -0.474771956313055 1
-0.892804117249616 -0.261352777273577 1
0.188475252391933 -0.60274525031364 1
-0.132082958819322 -0.258969492912974 1
0.594286855369727 0.0185272009793189 1
0.154293329058653 -1.70899155659802 0
1.1297807830672 2.15259582620692 0
0.712173349415633 -0.501665296554266 1
-0.375190400984349 0.155529639074865 1
-0.538302476000835 0.735012658581459 1
0.511350015708085 -0.783118037949732 1
-2.08446654883774 0.438757690670044 0
-0.938247065538439 -0.54744081938775 1
0.439287418416192 0.270433881399341 1
1.36276401847922 0.531175479102054 1
0.594526329823048 0.444307076821371 1
-0.915272539582102 -1.94331195126859 0
0.858159321018382 1.20911121704466 0
-0.715484490578866 -0.433592556406694 1
-2.52462958191781 -0.73339072929118 0
-0.0152852089853732 0.253041666142343 1
-0.881191953125901 0.641434264680666 1
0.56919159006713 1.1524278159084 0
1.01058226019332 -1.12646463244132 0
0.818318291352938 0.037194992491284 1
0.274374686282044 0.387157094644805 1
0.868255380652835 -0.702336284972647 1
0.477761905066686 0.724385887012792 1
-0.978331260126106 -1.49862262775737 0
0.546326093032933 -0.192069507547834 1
-0.00692365118687771 -0.469040404695148 1
-0.567972329593248 0.243159536170827 1
0.430403113760481 -0.928512524961404 0
-0.150501831748716 0.0769324748278423 1
0.790317025482321 -0.149253505156814 1
0.22993601695582 -0.601727977736823 1
-0.0631490419050403 -0.548895661464338 1
-2.73414438706271 -0.432842298593661 0
1.02175611276454 -1.00324621343403 0
-0.611763195411757 -0.385908999509459 1
0.816659081859145 -0.416978227119709 1
-1.08364649945377 -0.00991607235264281 1
-0.674204189718151 -0.49719484838954 1
0.930823844087982 -0.230590595813535 1
0.802739627200253 0.891664103839304 0
-0.832474576185194 -0.812270060986359 0
-0.797982120484396 0.542344748355327 1
1.15738334810982 -0.796792313703695 0
-3.73392894327329 2.62702038057842 0
0.832726924148972 -1.34427789179855 0
-1.30055458989905 -0.852338909827673 0
-0.0544832262105383 0.312985926793974 1
1.00854385751965 -1.01170367038566 0
-0.43135404471839 0.0814378217355575 1
-1.42200966951312 -0.786626583030319 0
-0.396944233045194 0.685148574443007 1
-1.29039987559554 -0.669003370499273 0
0.340287629216037 -0.074843757991041 1
-0.797955525032971 0.784875990738406 1
-0.241231320536282 -2.16090769804167 0
-0.132139982728304 -1.45688306055401 0
0.987036102266687 -0.388851905723844 1
1.09512975075667 -0.258228579831203 1
0.44276416164848 0.389626145333775 1
0.452110418662968 0.383950604228168 1
0.268622731355232 -0.214579508743814 1
-0.516085898623805 -1.44935845808224 0
-0.0960343268921371 0.846142666460028 1
0.107708134958552 -0.775638877546483 1
1.21520503443556 -0.803148217442648 0
0.274888052018786 -2.15796162045283 0
-0.202918622527289 0.681417416969655 1
-3.22384169741788 1.49930510326506 0
-0.235127143657219 -0.0889940350105218 1
-0.20077817162522 -0.601581912674403 1
0.316027888014846 1.00235636192643 0
0.106947811793795 0.642200663948653 1
0.826165628200267 -1.01148103283803 0
0.453046813851742 -0.803958872107638 1
0.0631717069142659 0.329681783175472 1
1.37138187889338 0.305223846222455 1
-0.051216019581297 -0.473623785374745 1
-1.68869364576056 -0.0533702964194659 1
-1.81143707752721 -0.782833416320996 0
-0.164670820401023 0.460012571015571 1
-0.53648242065889 -1.29428133293321 0
-1.12737490851324 -0.292452525927644 1
-0.119022973225051 -0.732134566992687 1
1.58292319781981 -0.245644437165968 1
2.1569692989354 0.932548989620086 0
-0.207886520766625 -0.0817176181659653 1
1.27386178203421 -0.580674057313333 1
0.799407281011567 0.390992937143888 1
-0.415030891768245 0.500443678353318 1
-0.946709234782037 2.14494208442242 0
0.294955036411367 -0.210464132902429 1
1.42338618712654 0.349370905810226 1
-0.0164912469815673 0.251333015333713 1
1.66377111610669 -0.324655261025054 1
0.044830220955903 -0.0529895950018761 1
1.73658971286666 -0.560816883919459 0
0.488052070663676 -2.01532138842509 0
0.189988089084839 -0.656175953061263 1
-0.498556739543269 0.622870439391983 1
2.15745548742103 -1.39161528926559 0
-1.35748206737161 -0.887091019268577 0
0.775269917722709 -1.0526630133999 0
0.869994003920094 0.399363812776872 1
-0.146115244232012 -0.700383742680876 1
-2.22721822139769 -0.284524495944434 0
-0.144001878640485 0.764269861554905 1
-0.145164811475136 0.0354334726351945 1
1.90933875730076 -0.488686162373607 0
0.37647136125475 -0.246596963936111 1
-0.642549902216465 -0.216177412941291 1
0.222420875686037 0.360984275180816 1
-1.47144024571223 -0.33022431094727 1
0.695045744009662 0.560325474036762 1
-0.537362165039857 0.156105260130969 1
1.20316059346058 0.774719341139639 0
1.58100071114524 0.965262650017403 0
-1.00623490592387 1.35481898689838 0
0.912445642590219 0.571053710416206 1
-0.203418622865004 0.389155051099919 1
1.66157139296677 0.870446892417395 0
-0.132712753727607 -0.264567863267313 1
0.0254352845495833 -0.454071273918163 1
-1.52341304998761 0.753242656152536 0
-0.532043721967503 1.6541586821758 0
0.918907654296961 -0.442689386029916 1
-1.47232289769921 0.456122162147662 1
1.50158908244455 -0.637572251997003 0
0.946478545478513 -0.442069612084639 1
0.973194500840157 1.64280909529536 0
-0.699374083560794 0.119025260758275 1
-0.372497894505415 -0.313518844829287 1
-0.42370107803032 -0.245507946569462 1
0.142914468047361 -0.70493992534214 1
-0.270507332425561 0.156433259396203 1
1.02168484592689 -1.48251873736899 0
0.337710166191429 -0.858570199674688 1
-0.100739336742777 -1.51188099219717 0
0.951293109968128 1.8336775145669 0
1.30083932393106 -1.52097264569043 0
0.740859036283875 -0.456467191155817 1
1.40771338093265 -0.364161619133462 1
-0.556706229287161 2.31675333734286 0
-0.472356570202041 0.0361677965261872 1
2.15167862170197 0.0470975193410346 0
0.944538553367465 0.197813242864734 1
3.10221160842329 -1.40636508388288 0
1.69634564073577 0.90161813971418 0
-1.04755607638404 -1.16244452135474 0
-1.00997131260697 1.56112873872078 0
0.234684777516855 -1.1544466604249 0
1.46084640245927 0.870106039212403 0
0.38669011719117 -0.380348860772828 1
-0.216476570803766 -1.12761821821299 0
-0.0928558210024735 -1.02249243380606 0
-1.06209656885758 0.0117344783441063 1
-1.56114075367132 -0.998582806948785 0
0.344945648744325 -0.574320394134731 1
0.526897059198139 1.00602683538436 0
0.934998652289923 0.756533118151009 1
1.23839065682681 0.00805082569315535 1
0.194125688359272 -0.27323432170287 1
-0.793101248396786 0.106970107614691 1
-0.275851652070503 -0.374422299623062 1
-2.57880361658989 0.674053051446268 0
0.0402322110450407 0.789024988733768 1
0.0966088036027645 -0.191740985198779 1
0.721430167507095 -0.540590922720846 1
-1.01552650529225 -0.329905464721312 1
-0.544034663387712 0.844397371073345 1
-0.372592661309374 -0.442502579730175 1
-0.0169997152469712 -0.904593911823976 0
-0.915318537882107 0.115269024375966 1
0.815719148411225 0.555103281040247 1
-0.441220222951479 0.139682610038195 1
-0.616274616604809 0.964384084712289 0
-0.821054162993144 0.982895930544305 0
-0.539913052159121 1.07680070158293 0
-0.252731865418557 0.0957772460056324 1
-0.0778770205589568 -0.203747654992718 1
1.29041869445223 1.47203166674732 0
-0.441184265283398 -0.642121851268764 1
1.35672175891554 0.404134737462814 1
0.310471290660686 -0.343384405645823 1
-0.857361720975642 -0.535932558344166 1
-0.588875856478945 -0.0470478928418668 1
-0.316336727090723 -1.06707208568139 0
-0.167154215107839 -2.4747530058515 0
-0.278446229668337 0.081773150569585 1
0.212232452084917 -1.47702086527165 0
1.51880395252859 -0.305687049205435 1
-0.667285509795272 -0.746937747330316 1
-0.592692135331411 -0.12156397916329 1
-0.692300042005098 0.888604381881679 0
1.23041327748978 -0.0090927191814843 1
0.268025718076161 -0.0124992304058882 1
1.53149156854251 0.869391188189207 0
-1.76367882801534 -1.05230128975591 0
-1.6279386869524 0.11326498095871 1
0.369198395033473 0.548275502942958 1
0.513573359194914 0.259142693175403 1
1.72788200935195 -1.0758650792936 0
1.05291545859681 -0.24636195797433 1
0.338232967329966 1.0614991440772 0
0.270206541663239 -0.509098806510104 1
-0.36337946559941 -0.563603029186718 1
-0.281915378154234 -0.185518311894744 1
-0.508551679592363 -0.0792256639556064 1
-0.547777087322672 0.0492743006875315 1
0.283429235246393 0.337430106078952 1
0.0727886835165561 -1.65230318120856 0
-2.40524159041434 -1.72394465939099 0
-0.713097603127672 -1.47388046548026 0
-1.18254184537425 0.235492348227756 1
1.69398129989744 -0.208212227244405 1
0.828433647684145 -0.944363744610663 0
0.556380026866413 0.115497300095929 1
0.0747698764399785 -0.0285828059850778 1
2.29614967720396 0.475799393524744 0
0.0187405042325987 -0.918189807666219 0
-0.529268465072345 0.931827810553388 0
-0.785078711206381 -2.04976644414706 0
0.892892894856667 0.152027689924106 1
1.3154218800212 1.3352191926032 0
-1.84606537420051 1.82545244299817 0
-0.553559705378667 -0.646142794862761 1
0.55802593775979 -0.964901255382182 0
0.781315670409396 0.413059747900155 1
0.810687065607458 1.50390132302831 0
0.581363900826072 0.492451919816403 1
0.548383040697999 -0.777407812601615 1
-1.45297786539353 -1.15749116708274 0
-1.03251133454109 -1.35694613001751 0
0.678213644132345 -0.279388703384285 1
0.74320901913165 -0.046150649134576 1
-1.57248395763962 0.000165691516730543 1
0.525298728009184 -0.453892623152436 1
0.458228701078881 1.21369423847274 0
0.326923503503334 1.3748149893387 0
0.296671514053606 0.628276023926071 1
1.62628753683219 -1.0138732279279 0
-0.240831426241209 -1.64794794764832 0
-0.0455230527928544 -1.88437692120727 0
0.55903491362358 -0.116158983749153 1
0.861247922020226 1.41314204061511 0
1.41349379989527 0.334944834702715 1
-1.56728005101717 0.208529621589651 1
-0.92626938139641 1.08144383697691 0
-1.75477195561836 -0.407579716766977 0
-0.653909213173839 -0.887309710262846 0
0.463903587709526 -0.680970917432356 1
0.393737676270297 -1.93421361424732 0
1.20140350236011 0.296968039799956 1
1.23835761552663 -0.428989055994566 1
0.221008350034716 0.79768066141579 1
0.689221259744445 0.380721373227481 1
-1.94100360045798 -0.249616755855611 0
0.877577286670533 -0.483286218666206 1
-0.0295246699072144 0.52855485110289 1
-1.51225250629393 -1.35187011820971 0
0.722860550473406 1.75747657238095 0
-0.0939078362968243 0.701679771124913 1
-0.413844385348268 -0.629843274695367 1
-0.800515547360383 0.0992923695386607 1
0.631978045648557 0.383367328226488 1
0.174919542555491 -0.553233212252996 1
-0.793669336809035 0.793130813415301 1
0.0016569498814697 0.199564852415899 1
-0.40834668166621 -0.255921965640389 1
-1.17958035189599 -0.959742226267268 0
0.453447924601255 -0.222770632386102 1
0.606028875865403 -0.632502315322409 1
0.519764380975581 0.963461678483213 0
0.127559725888895 -0.305400307209615 1
0.408246697899531 -0.574663478545413 1
-0.415491739186569 0.171784800677339 1
-0.433199468533356 -0.685720708873789 1
0.0961100560076927 -0.167767553280712 1
-0.0781030967143067 0.548672031121147 1
-0.812486087106512 1.20819818640525 0
0.264888467376498 0.528375869296015 1
1.32965147415127 0.896956027074975 0
0.88068233928302 0.593438360245667 1
1.51463606643254 -0.929409146095234 0
-1.4200784883666 1.40687049991987 0
0.138463044087788 -0.781139212056561 1
-1.52397657839374 -0.106543738037592 1
0.621424802814893 -0.238870899878616 1
-0.94612770652759 -1.34503291467729 0
-0.690777085511938 -0.333848376261683 1
0.455509433208652 -1.15415950040384 0
-0.0970158697399075 0.271904602064237 1
-1.76255631898864 0.160232316031491 0
0.671756522557515 0.630680466196897 1
-0.933394680919892 1.27348525221589 0
1.03577501411052 0.452723358853457 1
-1.20454554897193 -1.48438552484321 0
-0.384351525898697 -0.841173514065805 1
0.489726477371495 -0.0708863465327044 1
-1.42179227873514 -0.958715626495647 0
-1.41445926097873 0.437486231561827 1
-0.201820858050842 -1.08553009777513 0
0.370065298415537 2.10268623556213 0
-0.408958590812319 -0.463992634421034 1
-0.734383439715757 -0.864551353473664 0
-0.376198665957327 -1.4178913950979 0
1.2983912155638 -0.129244131351627 1
0.926477336580844 0.966076331489241 0
0.362474606850611 0.427077115786114 1
1.38638648202117 0.507886864511159 1
-0.300981221795593 -1.68324970869188 0
0.606774278264721 -2.80939973857631 0
0.914720026787456 -1.33557834383653 0
0.76664895326567 -0.049035410280737 1
-0.318876742239624 -1.56441930024729 0
0.579956366355979 -1.0051016382048 0
0.750654664333011 0.465780018139332 1
0.545226238121471 -0.217111464381138 1
0.354006740511474 -1.02660775528692 0
-1.94460957170316 -0.473083324776199 0
-0.355294157585636 0.888769740593494 0
-1.66805940724758 -0.50450731587219 0
0.905544561768175 2.63743479203685 0
-0.160666621430465 -2.22263098131745 0
-0.58830058708478 0.531274662659531 1
-1.29265252142647 -1.21153637823143 0
0.000103567135808332 -1.09966036730845 0
1.06609803295028 -0.445000286680829 1
-0.453545355652625 -1.01503070483762 0
-0.803484915532939 -0.863207047735518 0
-0.438125842270209 1.08378698383432 0
-0.357317783260475 0.275809567776828 1
0.0233868781019689 0.526481483619989 1
0.684447749475643 -0.581640725612108 1
-0.855391090573885 0.278493969290269 1
-0.568547323184875 0.109189415628646 1
0.573116641292407 1.32604850378025 0
-2.7369633364187 -1.36707418377393 0
0.119595153050301 -1.69858185894958 0
1.17293972926238 -1.59780038180302 0
0.560616914589327 -1.39989177658415 0
-0.795398964862109 1.74009609555597 0
0.867758552097229 -1.0816345908181 0
0.750280185637744 -1.87245337919381 0
-0.413666954265789 0.403317310741972 1
2.00527047391861 0.373560848396196 0
0.133769046457308 -1.31520910010151 0
0.597438934271292 -0.903404348377024 0
0.0111485674023126 -1.10202838021381 0
-0.533243563802391 1.15935499834731 0
-1.17209083828746 -0.61865589659761 1
-0.794153627955952 0.15041364601388 1
0.337012898822858 1.15329619729364 0
0.667250460989915 0.626407155548584 1
0.0855016956958114 -1.40671802056982 0
1.10998028866989 1.92875588774191 0
0.400922688805147 1.04229986051508 0
0.140736298091371 -0.281856810227907 1
-2.11464403733916 -0.911400713939204 0
1.02776866225242 0.402059419263466 1
0.312061029204454 0.234721135442766 1
-0.700607528646561 0.571989062522407 1
-2.15287289334311 0.656949924085477 0
-0.84238607609876 0.215186050696594 1
-0.0987071319621584 -1.66518713487742 0
0.213724957007459 0.839131833662358 1
-0.818613903543074 -1.44883337391547 0
-0.0431179818027752 0.893958376830946 1
-0.444022418774071 -0.583248958075235 1
-0.200441647303579 -0.0912618067456003 1
-0.349252878996231 -0.874886351738589 1
-0.770409860893158 0.267441809759969 1
1.07290321961645 0.23541075324185 1
-0.288762764753807 -1.15028314157234 0
-0.592266206056 -0.00375067962489413 1
1.06828437843965 -0.861090471817759 0
-1.77539535626465 -0.0778967531392753 1
0.190641181267113 -1.15022088829356 0
-0.754526814932568 -0.111099065829098 1
-1.32252297783284 -1.52042951013438 0
-0.822670976099528 -0.518083085458454 1
-0.41006638684905 -1.64061050730005 0
0.925234372305179 -0.663282979882854 1
-0.070921770882131 -0.298647220050476 1
-0.501274462338074 -0.321667223760157 1
0.688155561308616 0.823387921697581 1
2.10288508753401 -0.46651641903366 0
-0.792239886195211 1.09367059912359 0
0.220552162428883 -0.877544618746028 1
-0.45056181631685 0.93163868828496 0
0.0308788560836939 -0.195863554911702 1
-0.21131705940243 -0.103192904623198 1
-2.83348047409022 0.13995966120899 0
0.810198655276065 -1.68061519070374 0
-1.17577352739975 0.712661607019745 0
-1.64328586270427 2.41536284297848 0
1.46924389594998 0.394695924200481 1
0.238109588229332 0.813556865431788 1
0.798608867564785 -1.44209539121218 0
-0.14010327268068 -0.403193585538817 1
0.674605290437898 0.976094746570124 0
-0.46609028815643 -1.13412886978968 0
0.266442974989339 -0.825881825146697 1
-0.776606928695487 -0.25002511643443 1
-0.831929280484671 0.351662613200395 1
-1.33326920794674 0.850347413908351 0
0.816753308697663 0.80793706524791 0
-1.87072798883372 -0.46189128201038 0
0.538459559166435 -1.01111183173653 0
-0.113348281920871 -0.110550787936409 1
-0.377042732850633 1.80677690788921 0
-0.9811475041414 -1.34851810554624 0
-0.99178377170326 -1.79769662658629 0
0.503547205743133 0.839566479136317 1
-0.349957907152717 -2.62644159861082 0
0.694743141195395 0.117771196821157 1
-1.53612237781964 0.714669030722667 0
0.760229988954271 1.14935580956057 0
-0.559652205463724 0.24013164374266 1
-0.00185301153754505 -1.17326795799064 0
0.135703178770197 0.622548760630909 1
0.525566058535405 -2.24546427409639 0
-1.19252278812965 2.10833593633291 0
-1.66380723104556 -0.747460171336958 0
0.92282743879602 0.781618389557055 0
0.977909663072696 0.164144635281793 1
1.80194185244599 -0.32304839152281 0
-1.01311834412713 1.1669128355009 0
0.0941275576726611 -0.163039324028144 1
1.35409310992139 0.0909089580726803 1
1.50187020043669 -0.88197023469538 0
-0.311280725019696 -0.356311729871897 1
0.538277702856324 0.259402750659426 1
-0.975605509752613 0.642572485373263 1
-2.1192836624809 1.09665435890926 0
-1.45887665394459 0.636008643076136 0
0.103537054030951 -1.11169557581163 0
-0.540077199960793 0.166634879723581 1
-0.963156829901029 1.66841237825894 0
-0.69428382724627 -1.49551331655267 0
0.634187834580772 -0.461806785501038 1
-2.0432899722555 -1.41753826238993 0
1.05922467079066 0.571169806139382 1
-1.43110589565645 1.01644587111307 0
-1.54987712815451 -1.53174103873214 0
0.955354694886698 -0.510695989983736 1
-2.17847564083729 -1.74189087092689 0
1.94789466773276 0.896902638105902 0
-0.177232179028934 0.00718114671632839 1
-0.630447229870956 -1.11443323835717 0
-0.152819666179995 -2.20479094125604 0
1.34178201229764 -0.115101464577693 1
-0.16117623319259 0.0418724515764986 1
1.65031866415413 0.440835478842784 0
0.0698333149580144 -1.18168769221823 0
-0.426760347667206 -0.396427104261838 1
0.968679700650952 1.56737254442045 0
0.633766491051409 2.11787052663286 0
0.152135333521288 -1.59488723905359 0
0.725717089349933 1.47812152584012 0
0.788315091944874 0.106844250635746 1
0.196657122077564 -0.86135252461114 1
1.02511025564565 1.32926939697302 0
-0.656232244124648 1.14361994933969 0
-0.160325154072004 0.480064695339987 1
-0.903544634410841 1.24477995055705 0
0.699742892437163 -1.28627578525653 0
-1.00570496437737 0.310099184152177 1
-1.44556193926583 -0.51884558987469 1
-0.926537630326334 -0.304873328252915 1
-1.40808308348536 -0.813461441946584 0
0.344614398855216 0.473494599612475 1
-0.536304574231572 1.41500030058863 0
-0.390571827883572 0.0566403312564709 1
-0.463149568614922 -0.315937916528984 1
0.284161689595878 0.689163309280544 1
0.585123321122048 -1.63512213743313 0
0.84088791370368 -0.399915623109178 1
-0.257590594118465 -1.69870627981724 0
-1.73829888558645 2.26971992857853 0
-0.588173300400898 -1.02731839636068 0
0.546967194976935 -0.386053298161537 1
-1.02362114069885 0.0628465490536789 1
-1.69058392726836 -0.889952000839035 0
1.23975752366041 -0.707233995463537 0
-1.75689514962266 0.622466502702281 0
-0.15081170839703 0.86212681823254 1
1.4502713672883 1.02637980277596 0
-0.802125018293025 -0.187750272330299 1
1.43016687404375 -0.704139759291018 0
0.415059729364333 0.754830741402241 1
0.127442607947608 -1.00005727585799 0
0.11300045064646 -0.841943806693064 1
0.755434934593647 1.59925095778411 0
-1.12705236485782 -0.70521431778559 0
-0.415259224513751 -0.533997771203107 1
-0.554054403064325 0.417882167776596 1
-0.202120531965276 -0.00721636222085792 1
-2.36388023079187 -0.411002715986389 0
-0.568954514571934 0.451153749402384 1
0.386120560414218 0.448953820327926 1
0.578553829667384 -0.611208994277952 1
0.650807070640102 -1.78408732771363 0
1.17797180009446 1.27837623930193 0
-1.66495479053365 0.0527319947111266 1
0.605532586345593 1.02633401212399 0
0.661511901624862 1.21906954322459 0
0.997026917246699 -0.0119935862983751 1
-1.33046937224993 -0.791962471682066 0
-0.144730603895653 -0.898061898925161 0
0.0268021185087344 0.886071681991373 1
-0.895149466119824 0.330296295940396 1
0.760110588706406 0.883117184302349 0
-0.749687869956163 1.03726757543134 0
1.29789723514067 -0.608930568418268 1
-1.18655188376375 -0.17922554503771 1
-0.944775478539666 -0.412803110481387 1
1.11914200577225 0.613763764262422 1
0.6979873461258 1.75562469993707 0
0.784420410804351 0.992543682867581 0
0.388130929798642 -0.571882919104559 1
-0.833509679311402 -0.342487091803422 1
0.634423472955449 0.441104695508803 1
-1.51111543706033 0.487377633545996 0
-1.35544349410691 0.935561467725351 0
-0.796351800367084 1.22447733944209 0
0.0305864497167467 -0.600934588960365 1
-0.873625963866274 2.18977167721559 0
-0.677350856466856 -0.138525376586523 1
0.648994912067612 0.690230484659249 1
-0.514166798537509 -0.0710093532238587 1
0.887482696689603 0.589159322737508 1
-0.026696129289511 0.778013982465814 1
-0.840371638525473 0.893073606090193 0
0.375352852462561 0.541470824989328 1
-0.089754670753837 -0.748348631346053 1
-2.60521311658338 -0.0269589242309353 0
1.59039711819834 0.300551953365334 1
-0.380123177506821 -0.656824827241531 1
0.485668521202538 -0.193280558447614 1
-0.142705162958296 0.0554687794156992 1
0.723566690131684 0.00191714471998037 1
-2.44833361235276 0.0930746761354332 0
1.76535222040626 0.275141321473419 0
-0.68275916684883 -1.92677639700664 0
-1.11923413031088 0.191238896056665 1
-1.2626615843976 2.22823308132556 0
0.335660920258667 -0.93248551032099 0
0.92847197477103 0.290026841501152 1
0.352456217625932 1.55840892696495 0
-0.691712305588494 0.596602629149758 1
1.40920784158724 -0.412780743172297 1
0.0129159215905714 -0.409556371626352 1
0.83448276148399 -0.367117738876004 1
0.831577661573827 -0.367139046308716 1
-0.521125341653573 1.12562969486489 0
1.07702763741585 0.149674494935507 1
0.87647921243 -1.19275364182987 0
1.16295467138667 0.733014598338499 0
-1.18332477372405 0.684667977098365 0
-0.457126283861547 -0.170597121309734 1
0.642995735832702 -0.0318358236147253 1
-1.20976086488204 0.308557269263059 1
1.51576741039999 -0.195865000414089 1
0.72937019584336 -1.13738469994652 0
-0.813225359339734 2.80119096514544 0
-0.440158359158816 -0.162213178205585 1
-0.136273715211598 -0.541097781120582 1
-1.1885271994255 -0.308374905584755 1
-0.226551041599478 0.819066570972015 1
1.577741439399 -1.31282310903246 0
-0.537136095837853 0.163798554328739 1
1.48655334389198 1.83367357064677 0
-0.454208693896307 1.48654563812527 0
0.155591566778432 -0.497175475449856 1
-0.594966854470208 0.757721784044243 1
3.36440089354737 0.70377702420962 0
0.0390753525251092 -0.916352958934663 0
-0.907778665376503 0.254178880896527 1
0.234223354427516 0.607618887131427 1
1.81358188471168 2.07550757218682 0
-0.445102911463126 0.660627295831215 1
1.46814961084011 -0.866029231896466 0
-1.09594817335425 -0.523060150458673 1
0.186446511039406 0.394012487123432 1
2.51683443742175 -0.0482423426638716 0
-0.451264736740631 0.728107360951714 1
-1.64675087278601 -0.830443142469611 0
-0.729255186573025 -0.241058145964515 1
-0.0661404847205362 -0.806468621138117 1
-0.585136738812218 -0.7578668280933 1
0.233227354218426 -1.28358961363561 0
0.816358799844858 -2.21109598955924 0
1.32921978834973 1.8673431180493 0
0.466753418064186 0.238646424631029 1
0.821776394373198 0.417395843626478 1
0.0164016055276779 0.435174912893127 1
-1.10343769086277 -0.855009405352291 0
1.58093327724195 -0.917392393468408 0
-0.355440463117073 -0.24282240074067 1
0.642721311581323 0.556102990969356 1
-0.39648613167302 -1.16459472989958 0
-1.4818996760577 -0.444071565532653 1
1.45163410077359 0.189475002834171 1
-1.13113617533732 -0.41954506977281 1
0.390638311300076 -1.06901903585742 0
1.54299092065479 1.23182074087635 0
1.0586921596048 -0.527561981830811 1
-0.58090227126787 0.0251970989444913 1
-0.144590707072255 -1.9296198066142 0
0.19959705426729 -0.511203770545586 1
-1.47539038776174 -2.62346493502028 0
0.440408467328118 -0.664042204104432 1
0.362103190986356 0.076478604030861 1
1.85033631278761 1.58085320048659 0
-0.0765672656943908 -0.215517577819574 1
-0.0775713706692077 0.514432217761332 1
0.368987419101723 -0.252414885870664 1
1.0257781592367 0.035740298077891 1
-0.258738565430903 0.205031032430465 1
-0.288083860438921 -0.950514410970208 0
0.481887479267221 1.36518772987942 0
0.487936921007093 -0.962479579389873 0
0.503545839883863 0.0927532982569938 1
0.496284939008184 -1.39837554705324 0
-0.34279754768192 -0.106176070963022 1
-0.572240321294124 -0.884534947380179 0
0.541036504035544 -0.00685617728185042 1
0.562852665314236 -0.5808577938229 1
-0.388177191457988 0.630896911771977 1
1.38087234182056 -0.892266980001002 0
0.385255221686611 -0.471207913920694 1
1.71244583961977 -1.03369497929878 0
-0.875414497529075 -0.348196709649535 1
0.338597912614338 0.544223065652494 1
0.184769802503417 -1.8469090204558 0
1.15737610900442 0.306075522727143 1
0.982977274120779 0.401717574539148 1
-0.601473833323516 -0.488215578710411 1
1.34122688712859 -0.966078007652846 0
-1.33125551622642 1.90207316752881 0
-1.0816220917785 0.549946449995976 1
0.0484302720337196 -0.242883932657054 1
1.28241841962456 -0.834927839529851 0
-0.397652073980638 1.65906184803633 0
2.50899143205403 -0.486338749352701 0
0.821830530413169 -0.0575708465442699 1
-0.97074873191416 -0.667318067910474 1
-0.185135130393164 -0.982667408156813 0
-0.611388536528217 -0.872520190232969 0
0.615405781475992 -0.571363856195428 1
-0.16815506033238 -0.811941848669931 1
1.12078948011167 -1.22475949885736 0
1.48251568353278 1.22191512688303 0
-0.937668668733756 -0.0341562873599086 1
1.15807763673795 -0.129266453304286 1
-0.577155173512611 2.27729783169645 0
-1.70448646291967 0.169013860876679 1
-0.125494680680424 -1.52841640443946 0
0.962117579457188 -0.327520641611755 1
0.540268334579705 -1.12019337187837 0
-0.696433260712431 -2.04318669192286 0
-1.56582028216345 -0.510571840712031 0
-0.297186459270956 -0.152568345265392 1
-0.701505861877534 -0.770169405528757 1
-1.10102605139761 -1.2318595045729 0
-0.787955955998634 0.706452642785067 1
-0.79672867967125 0.836981614828509 0
-1.6791326483095 0.428047923184819 0
2.07009427978664 -0.969768504163831 0
-0.606924223371791 0.331888205951419 1
1.51545755910666 -1.60272934573972 0
0.460894114996435 -0.920576819614919 0
-0.839799717282161 -0.21876255468439 1
0.837525867752944 1.38193829209606 0
0.450130843168712 0.00711879764135497 1
-0.552418647752974 1.40395638803888 0
1.4279190369951 0.255199551344296 1
1.62803919534858 -0.731368015268242 0
1.96351254057883 -0.345910652353095 0
0.0468883789819005 0.557124029363939 1
-0.787211791965257 -0.313282832325833 1
-0.495756267276446 0.361560029447874 1
-0.916065499386705 -0.474211663596186 1
-1.15830780088133 0.658646480820341 1
0.325932463918533 0.694004328067475 1
-0.90202530922728 0.51543134203614 1
-0.713802565828095 -1.27066160134033 0
-0.187858317087986 0.226517261414334 1
0.578614795857453 0.966265338618172 0
1.41048607555887 0.0694702515708964 1
0.0654380393039501 -1.47386087237601 0
1.6297150783526 0.174301297402701 1
-0.833209885596001 0.923799421763367 0
-0.0828976273399228 0.834119976552276 1
-0.32403689505615 0.543474161071432 1
-1.3407641025868 1.69061808494368 0
-0.0946606565186762 -0.180805442482576 1
-0.725630605371707 -1.57191224883832 0
2.22090571121112 0.18342996482072 0
-1.47705999613955 -0.627353954380957 0
0.472502051488031 1.13544759608393 0
-1.78485566119149 1.87213340138541 0
0.789687175019127 0.955924893437485 0
0.662383956145713 0.225910954964433 1
1.57019769449694 -0.166763712831256 1
0.628915980796587 -0.544354809478714 1
1.14677635810469 0.700321161493155 0
-1.02308552020421 -1.34343880497072 0
-0.51754921172862 0.68276754566653 1
-0.261149615823256 -0.242573336346861 1
-0.784878014409082 -0.540460358739696 1
0.848953270288187 0.548899962384229 1
0.00407694308934224 -0.357618491993308 1
0.427436833884576 0.197496569006648 1
1.4736079436672 -0.094558043523257 1
-0.258252211164759 -0.848406373853309 1
0.41344181629747 0.96626228323671 0
1.44774495054996 0.590716988059108 0
0.549549906886633 -0.17997430046316 1
-1.08653960687324 0.959980346427853 0
0.66555949127443 -1.17549839155775 0
-0.681673003931113 -1.36864212528061 0
0.377268650795265 -0.704141651072016 1
2.52927540792863 1.17662076018075 0
0.354596357011076 0.865214099540217 1
-0.570469480353896 0.811255778324563 1
1.64763890923935 1.31109053308961 0
1.80735338494286 0.40116251108443 0
-0.82090769489567 -1.15539348291465 0
-0.107156095658437 -0.0444992059847849 1
-0.37031284434525 -1.32802501159517 0
0.180450969540014 -0.269186847230792 1
-0.267018727135067 0.541704017564409 1
0.86454140856074 1.09032850885205 0
-1.25176053873995 -0.607608489362539 1
1.1836837935056 -0.558436337357782 1
0.885714575681169 0.215754323312766 1
0.559221657058054 0.964434167820749 0
-1.51998758968699 -0.299788526619796 1
-0.29364962954617 0.0273700632738033 1
1.32856252379515 -1.45596679842067 0
-1.17482721163729 0.585684573959216 1
0.252050470303751 -0.572139878554811 1
0.805843362829733 0.546793174712065 1
1.35297091232622 1.3131169479327 0
1.14351128099732 -0.301173916027302 1
-0.0304975057485783 0.423778098671075 1
0.33377955876681 -0.787620849545396 1
1.45368016577738 0.787653000248029 0
-1.60711304390178 1.69477326195734 0
0.129753022962869 -0.646446807811116 1
-0.523026192796282 1.1789043310433 0
1.74080868989762 0.0185517839253654 1
-0.581711297086202 -0.49186667709973 1
0.406387746918351 -0.923883113551947 0
0.504327991065112 -0.830406460505587 1
0.416286465258731 -0.379740655909715 1
-0.477360196721431 -0.264503036835052 1
1.24181698736738 -0.528988530905985 1
0.0439291765088552 0.339625841756011 1
0.300667564306368 0.33695270392157 1
-1.85730623746425 -1.39240429155486 0
0.532402113528041 0.272196827192578 1
1.21276070841221 1.33980309712032 0
-1.5926435508887 0.68341308375019 0
-0.502720035131032 1.14431611883085 0
0.0895657584737867 0.362514435177071 1
1.08280675112047 1.71789971099118 0
-0.688210261162085 -0.00218846642420796 1
0.962831054889615 0.981046965291501 0
-0.695643466018813 1.58108513369107 0
-1.18221309274966 1.04489315016779 0
-1.14277800909523 0.926483230274732 0
1.19101598632243 0.44774992466404 1
0.796166257815619 1.8566840793853 0
0.245947685087911 -0.767535921427658 1
-0.137272006329932 0.812441218136356 1
0.498924283011235 0.603801825485349 1
-0.0130410018242664 -1.9850147149375 0
-0.0318302075905831 -0.110513310107325 1
0.664623104340212 -0.764688659101183 1
1.03926063409005 0.190277610281409 1
-0.144013019841882 -1.10939825091019 0
-1.11802117521436 -0.986388637113833 0
0.0547336830503952 -0.529240021472889 1
-1.64315526672614 -0.358854426167352 0
1.10327805213829 -1.86809260944339 0
-0.355217585877206 0.551937129185467 1
-2.09488312286329 0.159737594249318 0
-0.722304307757081 -0.720826981279957 1
1.53875957813214 0.362236883523701 1
1.58414854066492 0.25297788432572 1
0.511339821445226 1.42575092157984 0
-1.30425321564208 1.33516930099186 0
-0.0698938967639895 0.0760596191555118 1
0.887825035221748 2.74975125037961 0
-0.415968164366226 0.567667173522172 1
-1.50098838544594 -1.35908877113231 0
-0.651663158366653 -0.432426857213165 1
-0.339888742093371 0.8002541323072 1
1.01271829677703 1.3384124669771 0
-0.616911118238568 -0.346800198261087 1
0.853770710495899 -1.69792719542358 0
0.198461254296596 -0.59151270829378 1
0.224185339681425 0.295806793633865 1
0.405358912824194 2.20285624057812 0
2.74042638636619 -1.73071613369171 0
-0.90271060516838 -0.21752372535029 1
1.0044819857232 0.633935515292738 1
0.797816616087563 -1.19294279351926 0
0.581862898173271 -0.501933212718759 1
-1.05615851712166 -0.606145339208196 1
1.49416765022578 1.89384628951654 0
1.00371617096505 -0.0329487319403044 1
0.0578248183776363 0.668046044209486 1
1.56759503228122 -0.921771267519594 0
-0.312453186884727 0.512639325041181 1
-1.78676376440636 0.210014709951829 0
-0.905604583202706 -0.72048796796741 1
-0.132887718442184 0.493245899002641 1
0.664291803588149 -0.505843424334679 1
0.187149340296148 -0.531621726156735 1
0.788250370164093 1.10558593888675 0
-0.0870206364303231 -1.0120011617927 0
-1.71590896148875 0.403111434121129 0
1.63939533723564 0.117743518384416 1
-0.47457900290755 0.972258931935155 0
-0.690295474576263 1.01686815704325 0
-0.916539533952679 -1.45173664252331 0
0.306309849597887 2.11526937097601 0
2.02472907881786 -0.217676604503229 0
-0.818552891553471 -1.24167181475545 0
-0.0906046403805004 0.757328804267922 1
0.519267766269288 -0.783682345419001 1
-1.28879954869079 0.377297532775194 1
-1.05151175584452 0.572482348876174 1
-0.6270567266883 0.954752880141613 0
0.631301239658553 0.624932971199153 1
0.825306178774101 -0.767569011166188 1
-0.786445919433434 0.569902652759375 1
-0.39236038717121 0.252025200229059 1
-0.891042782103987 -0.614978790998717 1
2.72863245346194 1.04287035469714 0
-0.281619456078614 -1.03001122266508 0
0.783811182257835 -0.201047833226083 1
0.203278221756234 -0.854397339870872 1
-0.473052389813461 -0.551684059862434 1
0.355764355677939 -0.434369720899481 1
0.404329272625971 -0.13166780530392 1
-1.39783311592489 -1.30118650776677 0
-0.295646963561725 -0.571562829351203 1
0.293858063731654 0.571689599129875 1
0.810299151612577 -0.640087875762171 1
-1.00707403266179 1.43140915831163 0
0.439552551483608 -1.51410470354451 0
-0.23601672746696 -0.662978552900764 1
0.888192423921711 0.556180580199482 1
2.71855473152193 1.07452325964104 0
-1.21430181609852 2.66482266546203 0
0.913113874847178 1.46414097044099 0
-1.20960180737311 0.217052862334046 1
0.207764701096745 -0.459593487422964 1
0.0342532013843975 0.467705528152265 1
-1.56276750948664 -0.600388820588745 0
0.409772371628249 -0.645104967189991 1
-2.05917913561697 0.614785905777722 0
0.815888197805873 0.44480709578942 1
0.64735283127951 0.951583644973141 0
-0.599427974143923 -0.955200861287627 0
-0.181661435818237 -1.65876468502989 0
-1.09829464699659 -0.542772255180979 1
0.806637872702657 -0.755015069893749 1
-0.566554537985691 0.0123390381637824 1
-0.241335161601552 -0.356543437179241 1
-1.13632975889163 -0.570978703447066 1
-0.437497182319538 0.191051815115311 1
0.395473124368786 -0.299664691802934 1
-0.394664976694818 -2.27662597884864 0
-0.836157004906337 0.830449697284403 0
-0.315344927097161 0.590312238664493 1
1.39652650129897 -1.5797309825155 0
2.02628758829009 -0.976717291319985 0
1.01011484199223 0.373136205429999 1
-0.675610303005162 -0.521266481303449 1
0.223528262497958 -0.258314645362434 1
-0.91931856590339 0.631212980603467 1
-0.117310217954496 0.0655003571804222 1
1.35217026513035 1.31296886277157 0
-1.67100673241247 2.06892381512549 0
0.891210563607688 1.69894321082418 0
-0.0307573602665386 -0.21550607654886 1
-1.65491312204225 -1.09328295252631 0
0.0149653779977868 0.407531377577003 1
-1.76045561052062 -1.80061978879202 0
0.392569238586295 -1.02419880802175 0
-1.02195193694544 0.764944915206924 0
-0.334324594567324 -0.114565019782701 1
1.44801490087875 0.449714536222553 1
1.81465918357757 0.117226931550685 0
-0.667408084725018 0.241565488748776 1
1.44358378063941 -0.0726417603433938 1
-0.668020078819896 -0.2429805597804 1
0.791833873836024 -0.254960011116785 1
-0.016753962498229 -0.889916385301451 1
-0.466504003323928 -0.208294007867578 1
0.182633299816236 0.519166611808735 1
-0.22266178188142 -0.241430908443941 1
-0.314819196521203 0.040980891859611 1
0.386228565431857 -0.510559795257189 1
0.483668129721119 -1.63047279657354 0
-0.845629844366953 -1.80096027559234 0
1.7404464499208 1.34664379676871 0
-0.794189169127172 -1.51748330403661 0
0.252367917139498 0.672540466826996 1
0.0326990963046236 -1.61558150631833 0
0.889495286080394 0.672136180118354 1
-0.614195236299843 -2.07792096543515 0
-1.09917051301612 -0.0418161790810576 1
-1.00964774120037 0.547911176048204 1
-1.20576844104443 -1.1001861422915 0
-0.754100328994201 -0.299254847218933 1
-1.32327967758116 -0.928403614714721 0
-1.30252631361119 -0.610967328616613 1
1.77534444792763 -0.380557713551642 0
-0.272995606915385 0.270900791610493 1
0.583847364759 0.25577287762172 1
1.12996535052681 -0.405184231883545 1
-1.99204754596792 -2.53000082326893 0
1.42383638145485 -0.0686671807304233 1
0.409901707262555 -0.635727713007519 1
-0.785517753645388 0.725159331497259 1
1.39735662145876 0.066017132971116 1
-0.702634300260329 -0.153460648857157 1
-0.481459433306623 1.08929763028255 0
-1.83009390767178 0.502047283720911 0
0.718410248478482 -2.13375302384675 0
-1.82540711297725 0.230618546300453 0
0.881084905771577 1.69169710557536 0
2.05597226746676 1.6967052578423 0
0.330688723238802 1.22396316407441 0
-0.475444096616199 -0.759260621994354 1
1.91922726587575 0.537929533588814 0
-0.243704175644102 0.507249517949782 1
-0.789174348016966 0.783086735086534 1
0.556287391772513 -1.2495007981951 0
-0.48080964934236 -1.33539242588324 0
-2.25569221753818 -0.613439948980767 0
-1.6846591282755 0.799950794702934 0
0.399923128296037 -0.381351645694449 1
-1.39293484913574 -1.10563540229712 0
-0.81305769061252 -1.42075451459359 0
-0.736364177489897 0.0147789406218191 1
-0.46217989129931 0.61534326655686 1
0.123393494384085 -1.02247531546288 0
1.14442612780769 0.476254889133926 1
0.0525612511533446 -0.145991021129061 1
-0.401550280704715 0.301571305073064 1
0.636484630581702 0.797772735846288 1
0.0120121301460374 -0.718414828226073 1
0.260152437224823 -0.726698681168776 1
0.951907296206143 -1.42158111991199 0
1.15547650708208 0.533437010682224 1
0.583571482980627 1.22042402004227 0
1.5088687229187 -1.30426295266714 0
1.24214654023692 0.754047923995578 0
0.87535464484696 1.24229826945782 0
1.3772977447256 1.70816096335413 0
-0.806892969589431 0.197029300963429 1
-1.56872297671667 0.178777807654164 1
-0.650234517550878 -0.0846179734899844 1
-0.494135417061297 0.0392442964050267 1
0.360160815720236 -0.124363382340378 1
-1.98702415880796 0.237416992618465 0
-0.750022243073565 -1.46881337998013 0
0.884297833326123 -0.294835945370747 1
-0.124813747887586 0.501086007763665 1
0.112034205718482 -0.455892858805012 1
-1.71457077544114 1.31878443369671 0
1.10063019799856 -0.252218046285259 1
0.256966056435241 -2.34025543433523 0
0.712576794985771 0.815188394649917 1
0.919335408359582 0.592952224338488 1
-1.16134210718599 -0.0562836744535617 1
-2.14655803581114 -0.5120912304117 0
-0.553799634663079 -0.0759691408604156 1
0.110989414767952 -0.552698474243083 1
0.130398186431958 -0.252766524623819 1
0.0552411359724285 -1.21813717450125 0
-0.32949892977341 1.38319065134242 0
-0.46739134861032 0.111130592604868 1
-0.70135679909838 -0.33643860926333 1
0.0927886919967147 -2.44126398621645 0
0.666801090783676 -0.0654543143239772 1
-0.154515428704394 0.358786748630454 1
0.955489742430203 0.790071877325798 0
0.38821096814832 0.0381055442300758 1
1.38924618525541 1.76096361184007 0
-1.44378682011583 -1.70810912367499 0
-1.06025154987887 -1.88254836375596 0
0.194713141189435 -1.12151113032715 0
1.37651674931086 -0.372601645288119 1
-0.459302999690745 -0.784176514514141 1
-1.29928063113716 0.459595152650879 1
-0.70178567674756 0.703914337249246 1
0.653156027513165 0.223237787372351 1
-0.5097976798841 -1.1883548425873 0
0.7192433233331 0.0698658187564388 1
0.389642761295161 -1.71999572077638 0
-1.54406417836944 0.796226684698636 0
-0.0918294083095439 -0.918982726345862 0
0.840585281475894 1.85690457163633 0
0.884091159936878 -0.233858081263628 1
1.28676318958153 -1.17284530987727 0
-0.99984634529354 0.734925607067953 1
0.369326452427561 -0.82693422955768 1
-0.648133621053242 -2.81326457035814 0
0.107230722599283 -0.914251897316112 0
-0.998240772252474 -0.534916628512731 1
0.263863938911639 -0.326064749057306 1
0.309172558613265 -0.807449345613969 1
0.0520830476729688 -0.781657783498881 1
-0.582696673790052 -0.583644730335126 1
-2.3061201324833 0.219097709633903 0
-0.956050984388192 1.03203095861288 0
-0.948281298200848 0.115369967271638 1
-2.02438570436603 1.3421876946015 0
-0.227374721373238 0.0437514779296301 1
1.09681054929496 -0.859133283252298 0
1.0312506928329 3.07490409203353 0
-1.93540188535011 -1.59177811595692 0
2.28028725840207 -0.971847974529978 0
1.78736092524099 -0.333853520136626 0
-0.00961267146592405 -1.00443768448288 0
0.659366805993246 -0.654484955426079 1
-1.57767824890145 -1.06776407484006 0
0.659643149021528 0.571421766172468 1
0.800767532861808 0.0731736936409099 1
-0.459002519533788 1.6673747751256 0
0.121763802775377 -0.296364671671904 1
0.418335287264784 -1.01723747589301 0
-1.40831061537804 1.05514622055955 0
1.74842036167326 0.941548628827279 0
1.45813501451779 -0.715364513613096 0
1.26222827184487 0.759051096468676 0
-0.339410461920287 0.20660772875512 1
0.742784924976484 -0.166486828857859 1
-0.904140880307607 -1.24444403762839 0
-1.97804409855671 -0.891335377773919 0
-0.744861613114759 -0.578858732809808 1
0.814335687666921 -0.502956809211547 1
-0.00427422061515659 -0.066857679159902 1
1.33587292813966 -0.495232724261441 1
1.12615399621014 0.959000361404319 0
-0.778401788118331 0.203424240726062 1
-0.440414059993213 1.24194320184457 0
0.721176739912182 -0.508622435982744 1
-0.423154557209492 -1.21984380291621 0
1.08111369950937 1.17117805574767 0
-0.743882582858494 -0.904959795665715 0
0.551246657487798 0.248012140555552 1
0.426133220192813 0.701088800463602 1
0 1 1
0 1.05 1
0 1.1 1
0 1.15 1
0 1.2 1
0 1.25 1
0 1.3 1
0 1.35 1
0 1.4 1
0 1.45 1
0 1.5 1
0 1.55 1
0 1.6 1
0 1.65 1
0 1.7 1
0 1.75 1
0 1.8 1
0 1.85 1
0 1.9 1
0 1.95 1
0 2 1
0 2.05 1
0 2.1 1
0 2.15 1
0 2.2 1
0 2.25 1
0 2.3 1
0 2.35 1
0 2.4 1
0 2.45 1
0 2.5 1
